C:\Users\FRANCO~1.ROU\AppData\Local\Temp\RtmpawS4OX/ec30fdf804d595c6ba69cdf5/0.txt
 107  6
 3  est1
 4  est2
 4  est3
 2  gpi3
 3  idh
 2  pep2
-64   528
-56   466
-54   312
-52   677
-52   677
-51   309
-14   127
-10   160
0     0
0     0
2   306
4   497
10   222
21   444
28   214
38   620
45   795
45   795
50   210
65   815
73   468
80   231
80   472
105   503
108   715
120   333
120   333
128   461
135   815
140   674
148   273
180   235
182   416
199   363
213   403
245   755
271   372
287   303
297   439
310   279
311   347
320   255
325   -20
325   397
325   780
332   692
333   137
341   352
346   175
347   492
348   246
352   642
353   327
363   351
372   318
372   318
372   318
375   407
405     5
407   338
407   364
408   122
408   122
412   302
418   323
424   252
430   643
433    71
435    40
435   301
448     0
448   180
478    38
495   355
503    86
512   547
520   161
527   590
533   654
535    30
535    30
555   715
556   582
571   131
578   185
578   548
579   270
589   492
596   637
596   637
602   166
609   491
610   -25
610   -25
615   632
616   515
625   152
629   593
637   338
638   661
671   183
680   483
710   585
720   185
735    60
770   135
785   645
10-13-2020
15:9:54
